NAME: bar-n100-1
SIZE: 61
DISTRIBUTION: cluster-random
DEPOT: random
ROUTE-TIME: 240
TIME-WINDOW: 120
CAPACITY: 300
NODES
0 41.39753660 2.12356330 0 0 240 0 0 0
1 41.38226980 2.13802490 22 129 240 5 0 31
2 41.39406020 2.19094860 20 0 92 5 0 32
3 41.43220000 2.16124700 147 116 236 5 0 33
4 41.42227070 2.13323310 73 117 237 5 0 34
5 41.44984240 2.20782730 158 0 85 5 0 35
6 41.39406020 2.19094860 135 151 240 5 0 36
7 41.43220000 2.16124700 127 49 169 5 0 37
8 41.43314540 2.18911240 136 73 193 5 0 38
9 41.43215450 2.18508420 178 52 172 5 0 39
10 41.39825330 2.17687800 55 32 152 5 0 40
11 41.44984240 2.20782730 153 84 204 5 0 41
12 41.39491220 2.13269920 82 50 170 5 0 42
13 41.44181900 2.17304600 144 0 85 5 0 43
14 41.39691210 2.12195190 66 0 80 5 0 44
15 41.43418680 2.16529700 88 0 76 5 0 45
16 41.42202810 2.17641570 155 42 162 5 0 46
17 41.43314540 2.18911240 136 0 83 5 0 47
18 41.39289310 2.15261720 129 126 240 5 0 48
19 41.44984240 2.20782730 169 30 150 5 0 49
20 41.39491220 2.13269920 93 0 113 5 0 50
21 41.39491220 2.13269920 61 0 117 5 0 51
22 41.42876960 2.09558440 59 47 167 5 0 52
23 41.43418680 2.16529700 55 136 240 5 0 53
24 41.43220000 2.16124700 173 38 158 5 0 54
25 41.38892640 2.17960100 165 128 240 5 0 55
26 41.39406020 2.19094860 180 0 240 5 0 56
27 41.38226980 2.13802490 13 49 169 5 0 57
28 41.44984240 2.20782730 113 82 202 5 0 58
29 41.39560560 2.17296570 72 0 104 5 0 59
30 41.42487430 2.15596920 164 0 109 5 0 60
31 41.39747430 2.12799110 -22 137 237 5 1 0
32 41.41266620 2.16020560 -20 13 133 5 2 0
33 41.39002880 2.11717190 -147 138 236 5 3 0
34 41.44289120 2.21485120 -73 143 224 5 4 0
35 41.44130830 2.20664850 -158 11 131 5 5 0
36 41.42233050 2.18189410 -135 162 227 5 6 0
37 41.42474170 2.17131170 -127 58 178 5 7 0
38 41.37019390 2.05809080 -136 107 227 5 8 0
39 41.43119840 2.18743590 -178 59 179 5 9 0
40 41.39245750 2.16795150 -55 41 161 5 10 0
41 41.39407070 2.18067200 -153 109 228 5 11 0
42 41.40364660 2.19934050 -82 68 188 5 12 0
43 41.40768350 2.17528990 -144 14 134 5 13 0
44 41.39244310 2.10492030 -66 10 130 5 14 0
45 41.35605100 2.06936610 -88 19 139 5 15 0
46 41.44128310 2.20095760 -155 57 177 5 16 0
47 41.39163460 2.18771500 -136 10 130 5 17 0
48 41.40178920 2.20672040 -129 144 223 5 18 0
49 41.32571630 2.09067340 -169 59 179 5 19 0
50 41.38414740 2.05186090 -93 34 154 5 20 0
51 41.40577680 2.15391600 -61 11 131 5 21 0
52 41.40332330 2.15611370 -59 67 187 5 22 0
53 41.39674930 2.11219220 -55 152 236 5 23 0
54 41.36556140 2.05301940 -173 64 184 5 24 0
55 41.43799330 2.17923500 -165 146 227 5 25 0
56 41.42301310 2.15237270 -180 0 240 5 26 0
57 41.39629540 2.15095100 -13 61 181 5 27 0
58 41.36498840 2.12658370 -113 97 217 5 28 0
59 41.45021920 2.07829240 -72 32 152 5 29 0
60 41.43189850 2.16301530 -164 11 131 5 30 0
EDGES
0 2 14 13 10 15 11 11 12 14 11 13 5 10 4 5 12 13 7 10 13 11 12 11 10 12 9 9 14 10 9 4 9 4 16 14 13 12 14 16 9 12 15 11 4 12 16 13 16 16 12 10 9 3 13 12 9 8 8 15 11
7 0 11 16 14 15 7 13 9 13 8 16 6 14 6 9 11 10 3 14 9 7 15 15 11 8 10 10 10 6 12 5 9 6 17 16 10 13 17 14 5 8 11 8 7 15 16 9 13 15 15 9 7 7 16 14 11 5 7 18 14
14 13 0 22 16 12 0 10 5 9 4 22 12 12 13 16 8 5 8 12 4 5 21 12 8 4 0 11 7 5 9 11 7 12 13 12 7 10 20 11 6 4 6 5 14 17 13 5 5 18 22 9 9 14 19 11 9 8 14 24 12
11 9 12 0 12 8 10 0 8 6 9 18 11 7 12 11 4 14 12 7 12 10 17 5 4 12 7 7 15 10 5 11 7 12 12 10 5 4 20 7 11 11 10 8 11 19 10 13 11 23 18 10 10 9 19 7 5 11 17 20 5
11 9 18 18 0 18 14 13 15 16 15 17 11 13 12 11 14 17 11 13 16 14 17 14 11 16 10 10 17 13 11 11 12 12 18 17 14 13 20 17 13 15 18 14 11 19 18 17 19 23 18 12 11 9 19 14 10 11 16 20 13
16 14 13 23 17 0 14 10 10 8 13 22 16 7 17 16 10 12 17 8 15 14 21 9 12 14 14 14 15 13 12 16 12 17 3 4 10 11 25 8 14 14 11 12 16 23 5 14 10 26 23 15 15 14 24 7 13 16 22 24 9
14 13 0 22 16 12 0 10 5 9 4 22 12 12 13 16 8 5 8 12 4 5 21 12 8 4 0 11 7 5 9 11 7 12 13 12 7 10 20 11 6 4 6 5 14 17 13 5 5 18 22 9 9 14 19 11 9 8 14 24 12
11 9 12 0 12 8 10 0 8 6 9 18 11 7 12 11 4 14 12 7 12 10 17 5 0 12 7 7 15 10 5 11 7 12 12 10 5 4 20 7 11 11 10 8 11 19 10 13 11 23 18 10 10 9 19 7 5 11 17 20 5
16 15 12 23 18 5 11 8 0 3 10 23 14 7 16 16 6 0 13 7 13 11 22 8 8 12 11 11 16 10 9 15 9 16 8 6 6 7 26 2 11 11 9 9 17 24 6 13 10 27 24 12 11 15 25 6 9 12 19 25 8
14 13 11 22 16 4 10 7 6 0 9 22 12 6 14 15 5 13 12 6 11 10 21 6 7 11 10 10 15 9 8 13 7 15 8 6 5 6 24 2 10 10 7 7 15 23 6 12 9 26 22 10 10 13 23 5 8 11 18 24 6
11 11 5 20 14 11 2 10 5 9 0 20 9 11 10 14 7 7 6 12 4 2 19 12 8 3 10 10 8 3 8 9 6 10 12 11 7 9 22 11 4 2 7 4 12 19 13 5 8 20 19 7 6 11 20 11 9 5 12 22 12
16 14 13 23 17 0 14 10 10 8 13 0 16 7 17 16 10 12 17 0 15 14 21 9 12 14 14 14 0 13 12 16 12 17 3 4 10 11 25 8 14 14 11 12 16 23 5 14 10 26 23 15 15 14 24 7 13 16 22 24 9
5 4 12 14 11 15 8 12 10 12 9 13 0 11 3 7 9 11 5 12 0 0 13 13 10 10 8 8 11 8 10 2 7 3 17 15 10 11 15 14 7 10 13 9 5 14 17 11 14 14 13 7 7 5 14 13 9 5 7 16 12
11 9 13 18 12 6 11 5 8 6 10 17 11 0 12 11 5 14 12 1 13 11 17 5 7 12 10 9 16 11 7 11 8 12 8 6 5 6 20 8 11 12 10 9 11 19 8 14 11 23 18 11 11 9 19 3 8 11 17 20 4
3 2 14 13 10 15 11 11 12 14 11 13 5 10 0 5 12 13 7 11 13 11 12 11 10 12 9 9 14 10 10 4 9 4 16 14 13 12 14 16 9 12 15 11 5 13 16 13 16 16 12 10 9 3 13 12 9 8 8 15 11
12 10 13 19 13 8 11 4 9 7 11 19 13 5 13 0 5 15 13 5 13 12 18 0 5 13 8 8 16 11 6 12 8 14 10 9 6 5 21 8 12 12 10 9 12 20 10 14 12 24 19 11 11 11 20 5 6 12 18 21 2
11 11 9 20 14 7 8 5 6 5 7 19 9 6 11 13 0 11 10 6 10 8 18 6 5 9 8 7 13 7 5 10 4 11 10 9 2 3 22 6 8 8 7 5 12 20 9 10 9 23 20 7 7 11 21 6 6 8 15 21 6
16 15 12 23 18 5 11 8 7 3 10 23 14 7 16 16 6 0 13 7 13 11 22 8 8 12 11 11 16 10 9 15 9 16 8 6 6 7 26 2 11 11 9 9 17 24 6 13 10 27 24 12 11 15 25 6 9 12 19 25 8
7 7 9 16 11 13 5 10 7 10 6 16 5 12 6 10 8 8 0 12 7 5 15 13 8 6 8 7 8 4 9 5 6 6 15 14 8 10 18 12 4 6 9 5 8 16 14 7 11 17 15 6 4 7 16 12 8 3 9 18 12
16 14 13 23 17 0 14 10 10 8 13 22 16 7 17 16 10 12 17 0 15 14 21 9 12 14 14 14 15 13 12 16 12 17 3 4 10 11 25 8 14 14 11 12 16 23 5 14 10 26 23 15 15 14 24 7 13 16 22 24 9
5 4 12 14 11 15 8 12 10 12 9 13 0 11 3 7 9 11 5 12 0 0 13 13 10 10 8 8 11 8 10 2 7 3 17 15 10 11 15 14 7 10 13 9 5 14 17 11 14 14 13 7 7 5 14 13 9 5 7 16 12
5 4 12 14 11 15 8 12 10 12 9 13 0 11 3 7 9 11 5 12 11 0 13 13 10 10 8 8 11 8 10 2 7 3 17 15 10 11 15 14 7 10 13 9 5 14 17 11 14 14 13 7 7 5 14 13 9 5 7 16 12
11 10 21 10 16 21 18 17 20 20 19 4 11 16 11 12 19 20 14 17 20 18 0 17 16 19 15 15 21 17 16 10 16 13 22 20 19 18 21 22 16 19 22 18 12 19 22 20 24 23 19 16 15 10 20 18 15 14 17 10 17
12 10 13 19 13 8 11 4 9 7 11 19 13 5 13 0 5 15 13 5 13 12 18 0 5 13 8 8 16 11 6 12 8 14 10 9 6 5 21 8 12 12 10 9 12 20 10 14 12 24 19 11 11 11 20 5 6 12 18 21 2
11 9 12 0 12 8 10 0 8 6 9 18 11 7 12 11 4 14 12 7 12 10 17 5 0 12 7 7 15 10 5 11 7 12 12 10 5 4 20 7 11 11 10 8 11 19 10 13 11 23 18 10 10 9 19 7 5 11 17 20 5
14 13 4 23 17 13 5 12 7 11 5 22 12 13 13 16 9 4 8 14 2 5 21 14 10 0 12 12 5 6 10 11 8 12 14 13 9 11 20 13 6 4 7 6 14 16 14 2 8 17 22 9 9 14 18 13 11 8 14 24 14
14 13 0 22 16 12 5 10 5 9 4 22 12 12 13 16 8 5 8 12 4 5 21 12 8 4 0 11 7 5 9 11 7 12 13 12 7 10 20 11 6 4 6 5 14 17 13 5 5 18 22 9 9 14 19 11 9 8 14 24 12
7 0 11 16 14 15 7 13 9 13 8 16 6 14 6 9 11 10 3 14 9 7 15 15 11 8 10 0 10 6 12 5 9 6 17 16 10 13 17 14 5 8 11 8 7 15 16 9 13 15 15 9 7 7 16 14 11 5 7 18 14
16 14 13 23 17 0 14 10 10 8 13 22 16 7 17 16 10 12 17 0 15 14 21 9 12 14 14 14 0 13 12 16 12 17 3 4 10 11 25 8 14 14 11 12 16 23 5 14 10 26 23 15 15 14 24 7 13 16 22 24 9
11 10 5 20 14 11 2 10 5 9 3 19 9 11 10 13 7 6 5 12 4 2 18 12 8 3 10 10 6 0 8 9 6 9 13 12 7 10 21 11 3 3 7 5 11 18 13 4 8 19 19 7 6 11 20 11 9 5 12 21 12
9 8 11 17 11 10 9 5 9 7 8 16 9 8 10 10 6 13 10 8 11 10 15 7 1 11 4 4 14 9 0 9 6 11 13 12 6 5 19 9 10 10 11 7 10 17 12 12 12 22 17 9 8 8 18 8 2 8 15 18 6
3 2 14 13 10 15 11 11 13 14 12 13 5 10 1 5 12 13 7 11 13 11 12 12 10 12 9 9 14 10 10 4 10 4 16 14 13 12 14 16 9 12 15 11 5 13 16 13 17 16 12 10 9 4 13 12 9 8 9 15 11
12 10 13 19 13 8 11 4 9 7 11 19 13 5 13 12 5 15 13 5 13 12 18 0 5 13 8 8 16 11 6 12 8 14 10 9 6 5 21 8 12 12 10 9 12 20 10 14 12 24 19 11 11 11 20 5 6 12 18 21 2
3 2 14 13 10 15 11 11 12 14 11 13 5 10 0 5 12 13 7 11 13 11 12 11 10 12 9 9 14 10 10 4 9 4 16 14 13 12 14 16 9 12 15 11 5 13 16 13 16 16 12 10 9 3 13 12 9 8 8 15 11
14 13 0 22 16 12 5 10 5 9 4 22 12 12 13 16 8 5 8 12 4 5 21 12 8 4 11 11 7 5 9 11 7 12 13 12 7 10 20 11 6 4 6 5 14 17 13 5 5 18 22 9 9 14 19 11 9 8 14 24 12
12 11 4 21 15 11 3 9 4 8 2 20 10 11 11 14 7 6 7 11 4 3 20 11 7 4 10 10 7 4 7 10 5 11 11 10 6 9 21 10 5 2 6 4 12 18 12 5 7 19 20 7 7 12 20 10 8 6 13 23 11
13 12 11 21 15 6 9 6 6 4 9 20 11 4 13 14 3 13 12 5 11 9 19 5 6 11 9 8 14 9 6 12 6 13 9 7 4 4 23 5 10 10 8 7 14 21 8 12 9 25 21 9 9 12 22 4 7 10 17 22 5
13 13 9 21 16 6 8 6 4 3 7 21 11 6 13 14 3 11 10 6 10 8 20 7 6 9 9 9 13 8 7 12 6 14 10 8 3 5 24 5 9 9 6 6 15 22 8 11 7 24 22 9 8 13 23 6 7 9 17 23 7
5 4 12 14 11 15 8 12 10 12 9 13 0 11 3 7 9 11 5 12 0 0 13 13 10 10 8 8 11 8 10 2 7 3 17 15 10 11 15 14 7 10 13 9 5 14 17 11 14 14 13 7 7 5 14 13 9 5 7 16 12
11 9 11 17 12 8 10 3 8 6 9 17 11 7 11 10 4 13 12 7 12 10 16 5 3 11 6 6 15 9 4 10 6 12 12 10 4 3 20 7 10 10 9 7 11 18 10 12 11 22 18 9 9 9 19 6 4 10 16 19 4
3 2 14 13 10 15 11 11 12 14 11 13 5 10 0 5 12 13 7 11 13 11 12 11 10 12 9 9 14 10 10 4 9 4 16 14 13 12 14 16 9 12 15 11 5 13 16 13 16 16 12 10 9 3 13 12 9 8 8 15 11
18 17 9 26 20 10 11 12 6 9 10 25 16 11 18 19 9 9 13 12 11 11 24 13 12 11 15 15 12 10 13 17 11 17 8 7 9 11 25 9 11 10 7 9 19 21 8 11 5 22 26 13 13 17 23 12 13 13 18 28 13
16 15 12 23 18 5 11 8 0 3 10 23 14 7 16 16 6 0 13 7 13 11 22 8 8 12 11 11 16 10 9 15 9 16 8 6 6 7 26 2 11 11 9 9 17 24 6 13 10 27 24 12 11 15 25 6 9 12 19 25 8
12 10 20 20 18 22 18 18 20 21 19 20 13 17 13 12 20 18 14 18 19 18 19 19 17 20 16 16 17 17 17 12 17 11 23 22 20 19 7 23 17 19 23 18 10 3 23 19 20 12 9 18 17 9 6 19 16 16 11 22 18
7 0 11 16 14 15 7 13 9 13 8 16 6 14 6 9 11 10 3 14 9 7 15 15 11 8 10 0 10 6 12 5 9 6 17 16 10 13 17 14 5 8 11 8 7 15 16 9 13 15 15 9 7 7 16 14 11 5 7 18 14
7 0 11 16 14 15 7 13 9 13 8 16 6 14 6 9 11 10 3 14 9 7 15 15 11 8 10 0 10 6 12 5 9 6 17 16 10 13 17 14 5 8 11 8 7 15 16 9 13 15 15 9 7 7 16 14 11 5 7 18 14
14 13 0 22 16 12 0 10 5 9 4 22 12 12 13 16 8 5 8 12 4 5 21 12 8 4 0 11 7 5 9 11 7 12 13 12 7 10 20 11 6 4 6 5 14 17 13 5 5 18 22 9 9 14 19 11 9 8 14 24 12
11 9 11 17 12 8 10 3 8 6 9 17 11 7 11 10 4 13 12 7 12 10 16 5 3 11 6 6 15 9 4 10 6 12 12 10 4 3 20 7 10 10 9 7 11 18 10 12 11 22 18 9 9 9 19 6 4 10 16 19 4
16 15 12 23 18 5 11 8 7 3 10 23 14 7 16 16 6 14 13 7 13 11 22 8 8 12 11 11 16 10 9 15 9 16 8 6 6 7 26 2 11 11 9 9 17 24 6 13 10 27 24 12 11 15 25 6 9 12 19 25 8
14 13 11 22 16 4 10 7 6 0 9 22 12 6 14 15 5 13 12 6 11 10 21 6 7 11 10 10 15 9 8 13 7 15 8 6 5 6 24 2 10 10 7 7 15 23 6 12 9 26 22 10 10 13 23 5 8 11 18 24 6
16 14 13 23 17 0 14 10 10 8 13 0 16 7 17 16 10 12 17 0 15 14 21 9 12 14 14 14 0 13 12 16 12 17 3 4 10 11 25 8 14 14 11 12 16 23 5 14 10 26 23 15 15 14 24 7 13 16 22 24 9
3 3 12 12 10 15 8 11 10 13 9 12 2 10 3 6 10 11 5 10 10 8 11 11 9 10 8 8 11 7 9 0 7 5 15 14 11 12 16 15 7 9 13 9 5 14 15 11 14 16 13 8 7 4 14 11 8 5 8 14 10
8 8 8 17 10 10 6 7 5 7 5 16 6 9 8 10 4 10 6 9 8 6 15 9 5 7 6 6 11 6 5 7 0 8 13 12 5 6 19 9 6 7 8 4 9 17 12 8 9 19 17 4 4 8 18 8 5 5 12 18 9
4 4 14 14 11 16 10 12 12 15 11 14 5 11 4 6 12 13 6 11 12 10 13 12 11 11 9 9 13 9 10 5 10 0 16 15 13 13 14 17 8 11 14 10 3 12 16 12 16 15 12 10 9 3 13 12 10 7 7 16 11
16 14 13 23 17 8 13 11 9 9 13 23 16 8 17 16 11 13 16 9 15 13 22 11 12 15 15 15 16 13 12 16 13 17 0 4 11 12 25 9 14 14 11 12 16 24 6 15 10 26 23 15 15 14 24 9 13 15 22 25 10
16 13 12 22 16 6 13 10 9 7 12 22 16 7 16 15 9 12 16 8 14 13 21 10 11 14 14 14 14 13 12 15 12 17 4 0 9 11 25 7 14 13 10 11 16 23 2 14 9 25 23 15 14 14 23 8 12 15 21 24 9
13 12 9 20 15 6 8 6 4 4 7 20 11 6 13 14 3 11 10 7 9 8 19 7 6 9 8 8 12 7 6 12 5 13 10 8 0 5 23 6 8 8 6 5 14 21 8 10 7 24 21 8 8 12 22 6 7 8 16 22 7
11 10 9 19 13 7 8 4 6 4 7 19 9 6 11 12 3 11 10 6 10 8 18 6 4 9 7 7 13 7 5 10 4 11 10 9 3 0 22 6 8 8 8 5 12 20 9 10 9 23 19 7 7 11 20 5 5 8 15 21 6
13 11 21 22 19 24 19 19 21 23 20 21 15 19 15 13 21 19 15 19 21 19 20 20 18 20 17 17 18 18 18 14 19 12 24 23 21 20 0 24 18 20 24 19 11 6 24 20 22 15 5 19 18 10 4 20 17 17 16 23 19
15 14 11 23 17 5 10 8 6 2 9 22 13 6 15 16 5 13 13 6 12 10 21 7 8 11 10 10 15 10 8 14 8 15 9 8 5 6 25 0 11 11 8 8 16 23 8 13 9 26 23 11 10 14 24 6 9 11 18 24 7
10 9 7 19 13 11 3 10 5 9 4 18 8 11 9 12 7 6 4 12 5 3 17 12 8 4 9 9 6 2 8 7 6 8 13 12 7 9 20 11 0 4 8 4 10 18 13 5 9 18 18 7 5 10 19 11 9 4 11 20 12
EOF
