NAME: bar-n100-1
SIZE: 31
DISTRIBUTION: cluster-random
DEPOT: random
ROUTE-TIME: 240
TIME-WINDOW: 120
CAPACITY: 300
NODES
0 41.39753660 2.12356330 0 0 240 0 0 0
1 41.40052560 2.11713440 22 129 240 5 0 16
2 41.40052560 2.11713440 20 0 92 5 0 17
3 41.42137720 2.08627070 147 116 236 5 0 18
4 41.40052560 2.11713440 73 117 237 5 0 19
5 41.43640110 2.18893560 158 0 85 5 0 20
6 41.39797200 2.17343800 135 151 240 5 0 21
7 41.43220000 2.16124700 127 49 169 5 0 22
8 41.41009850 2.18822350 136 73 193 5 0 23
9 41.43215450 2.18508420 178 52 172 5 0 24
10 41.38963490 2.10462520 55 32 152 5 0 25
11 41.39713230 2.12343660 153 84 204 5 0 26
12 41.42690600 2.18465540 82 50 170 5 0 27
13 41.42256580 2.09726060 144 0 85 5 0 28
14 41.39691210 2.12195190 66 0 80 5 0 29
15 41.40052560 2.11713440 88 0 76 5 0 30
16 41.39747430 2.12799110 -22 137 237 5 1 0
17 41.41266620 2.16020560 -20 13 133 5 2 0
18 41.39002880 2.11717190 -147 138 236 5 3 0
19 41.44289120 2.21485120 -73 143 224 5 4 0
20 41.44130830 2.20664850 -158 11 131 5 5 0
21 41.42233050 2.18189410 -135 162 227 5 6 0
22 41.42474170 2.17131170 -127 58 178 5 7 0
23 41.37019390 2.05809080 -136 107 227 5 8 0
24 41.43119840 2.18743590 -178 59 179 5 9 0
25 41.39245750 2.16795150 -55 41 161 5 10 0
26 41.39407070 2.18067200 -153 109 228 5 11 0
27 41.40364660 2.19934050 -82 68 188 5 12 0
28 41.40768350 2.17528990 -144 14 134 5 13 0
29 41.39244310 2.10492030 -66 10 130 5 14 0
30 41.35605100 2.06936610 -88 19 139 5 15 0
EDGES
0 2 14 13 10 15 11 11 12 14 11 13 5 10 4 5 4 9 4 16 14 13 12 14 16 9 12 15 11 4 12
3 0 0 12 0 14 11 10 12 13 12 11 4 9 4 0 3 9 4 14 13 12 11 13 15 9 12 15 11 4 11
3 0 0 12 0 14 11 10 12 13 12 11 4 9 4 3 3 9 4 14 13 12 11 13 15 9 12 15 11 4 11
12 11 23 0 18 22 19 18 21 21 20 9 13 18 13 13 12 17 14 23 22 20 19 22 23 18 20 24 19 13 20
3 0 14 12 0 14 11 10 12 13 12 11 4 9 4 3 3 9 4 14 13 12 11 13 15 9 12 15 11 4 11
15 13 13 22 16 0 12 8 8 5 11 21 15 5 16 15 15 10 16 8 6 8 9 24 5 12 13 10 10 15 22
10 10 6 19 14 10 0 9 4 8 3 19 9 10 9 13 8 5 9 12 11 6 8 21 10 3 3 7 3 11 19
11 9 12 18 12 8 10 0 8 6 9 18 11 7 12 11 11 7 12 12 10 5 4 20 7 11 11 10 8 11 19
12 12 6 21 15 8 5 8 0 6 4 21 10 9 12 14 11 5 12 10 9 5 7 23 7 5 5 4 3 13 21
14 13 11 22 16 4 10 7 6 0 9 22 12 6 14 15 13 7 15 8 6 5 6 24 2 10 10 7 7 15 23
5 4 16 14 11 16 12 12 14 15 0 13 6 11 6 6 5 11 4 16 15 14 13 12 17 11 13 17 12 2 11
3 2 14 13 10 15 11 11 13 14 12 0 5 10 1 5 4 10 4 16 14 13 12 14 16 9 12 15 11 5 13
13 13 9 21 16 6 8 6 4 3 7 21 0 6 13 14 12 6 14 10 8 3 5 24 5 9 9 6 6 15 22
9 8 20 9 15 20 16 16 18 19 17 9 10 0 10 10 9 15 11 20 19 17 16 19 20 15 18 21 17 10 18
3 2 14 13 10 15 11 11 12 14 11 13 5 10 0 5 4 9 4 16 14 13 12 14 16 9 12 15 11 5 13
3 0 0 12 0 14 11 10 12 13 12 11 4 9 4 0 3 9 4 14 13 12 11 13 15 9 12 15 11 4 11
9 8 11 17 11 10 9 5 9 7 8 16 9 8 10 10 9 6 11 13 12 6 5 19 9 10 10 11 7 10 17
15 14 6 23 18 15 7 14 9 13 7 23 13 15 13 17 12 11 13 13 12 11 14 20 15 7 7 9 9 15 17
13 12 11 21 15 6 9 6 6 4 9 20 11 4 13 14 12 6 13 9 7 4 4 23 5 10 10 8 7 14 21
12 10 20 20 18 22 18 18 20 21 19 20 13 17 13 12 12 17 11 23 22 20 19 7 23 17 19 23 18 10 3
14 13 4 22 17 13 5 12 7 11 5 22 12 13 12 16 11 8 12 14 13 9 11 20 13 6 4 7 6 14 16
10 10 6 19 13 10 2 9 4 8 3 19 8 10 9 13 8 5 9 12 11 6 8 21 10 3 3 7 3 11 19
13 13 9 21 16 6 8 6 4 3 7 21 0 6 13 14 12 6 14 10 8 3 5 24 5 9 9 6 6 15 22
12 10 13 19 13 8 11 4 9 7 11 19 13 5 13 12 12 8 14 10 9 6 5 21 8 12 12 10 9 12 20
11 9 12 18 12 8 10 0 8 6 9 18 11 7 12 11 11 7 12 12 10 5 4 20 7 11 11 10 8 11 19
3 2 14 13 10 15 11 11 13 14 12 13 5 10 1 5 4 10 4 16 14 13 12 14 16 9 12 15 11 5 13
3 2 14 13 10 15 11 11 13 14 12 13 5 10 1 5 4 10 4 16 14 13 12 14 16 9 12 15 11 5 13
8 8 13 17 11 12 10 7 11 10 10 17 8 10 9 10 8 7 10 15 14 8 7 19 12 9 12 13 9 10 18
11 10 6 19 14 13 4 12 7 11 4 19 9 13 9 13 8 8 9 14 13 9 11 20 12 3 4 9 6 11 17
11 10 5 20 14 11 2 10 5 9 3 19 9 11 10 13 9 6 9 13 12 7 10 21 11 3 3 7 5 11 18
9 8 11 17 11 10 9 5 9 7 8 16 9 8 10 10 9 6 11 13 12 6 5 19 9 10 10 11 7 10 17
EOF
