NAME: bar-n100-1
SIZE: 21
DISTRIBUTION: cluster-random
DEPOT: random
ROUTE-TIME: 240
TIME-WINDOW: 120
CAPACITY: 300
NODES
0 41.39753660 2.12356330 0 0 240 0 0 0
1 41.38226980 2.13802490 22 129 240 5 0 11
2 41.39406020 2.19094860 20 0 92 5 0 12
3 41.43220000 2.16124700 147 116 236 5 0 13
4 41.42227070 2.13323310 73 117 237 5 0 14
5 41.44984240 2.20782730 158 0 85 5 0 15
6 41.39406020 2.19094860 135 151 240 5 0 16
7 41.43220000 2.16124700 127 49 169 5 0 17
8 41.43314540 2.18911240 136 73 193 5 0 18
9 41.43215450 2.18508420 178 52 172 5 0 19
10 41.39825330 2.17687800 55 32 152 5 0 20
11 41.39747430 2.12799110 -22 137 237 5 1 0
12 41.41266620 2.16020560 -20 13 133 5 2 0
13 41.39002880 2.11717190 -147 138 236 5 3 0
14 41.44289120 2.21485120 -73 143 224 5 4 0
15 41.44130830 2.20664850 -158 11 131 5 5 0
16 41.42233050 2.18189410 -135 162 227 5 6 0
17 41.42474170 2.17131170 -127 58 178 5 7 0
18 41.37019390 2.05809080 -136 107 227 5 8 0
19 41.43119840 2.18743590 -178 59 179 5 9 0
20 41.39245750 2.16795150 -55 41 161 5 10 0
EDGES
0 2 14 13 10 15 11 11 12 14 11 4 9 4 16 14 13 12 14 16 9
7 0 11 16 14 15 7 13 9 13 8 5 9 6 17 16 10 13 17 14 5
14 13 0 22 16 12 0 10 5 9 4 11 7 12 13 12 7 10 20 11 6
11 9 12 0 12 8 10 0 8 6 9 11 7 12 12 10 5 4 20 7 11
11 9 18 18 0 18 14 13 15 16 15 11 12 12 18 17 14 13 20 17 13
16 14 13 23 17 0 14 10 10 8 13 16 12 17 3 4 10 11 25 8 14
14 13 0 22 16 12 0 10 5 9 4 11 7 12 13 12 7 10 20 11 6
11 9 12 0 12 8 10 0 8 6 9 11 7 12 12 10 5 4 20 7 11
16 15 12 23 18 5 11 8 0 3 10 15 9 16 8 6 6 7 26 2 11
14 13 11 22 16 4 10 7 6 0 9 13 7 15 8 6 5 6 24 2 10
11 11 5 20 14 11 2 10 5 9 0 9 6 10 12 11 7 9 22 11 4
16 14 13 23 17 0 14 10 10 8 13 16 12 17 3 4 10 11 25 8 14
5 4 12 14 11 15 8 12 10 12 9 2 7 3 17 15 10 11 15 14 7
11 9 13 18 12 6 11 5 8 6 10 11 8 12 8 6 5 6 20 8 11
3 2 14 13 10 15 11 11 12 14 11 4 9 4 16 14 13 12 14 16 9
12 10 13 19 13 8 11 4 9 7 11 12 8 14 10 9 6 5 21 8 12
11 11 9 20 14 7 8 5 6 5 7 10 4 11 10 9 2 3 22 6 8
16 15 12 23 18 5 11 8 7 3 10 15 9 16 8 6 6 7 26 2 11
7 7 9 16 11 13 5 10 7 10 6 5 6 6 15 14 8 10 18 12 4
16 14 13 23 17 0 14 10 10 8 13 16 12 17 3 4 10 11 25 8 14
5 4 12 14 11 15 8 12 10 12 9 2 7 3 17 15 10 11 15 14 7
EOF
